m 54 25
v 0 0 0 6 37 28 37
v 2 1 37 17.5 37
v 5 4 37 6 37 18 37 21 37
v 6.5 9 37 11 37 13 37 13.5 37 17.5 37
v 7 5 37 7 37 8 37 9 37 11 37 13 37 13.5 37 15 37 17 37 19 37 21 37
v 7.5 4 37 6 37
v 10.5 4 37 6 37
v 11 5 37 7 37 8 37 9 37 11 37 13 37 13.5 37 15 37 17 37 19 37 21 37
v 11.5 9 37 11 37 13 37 13.5 37 17.5 37
v 13 4 37 6 37 18 37 21 37
v 16 1 37 17.5 37
v 18 0 37 6 37 28 37
s 0 -20 1 3 14 29 49 -1 1 11 22
s 0 -20 0 17 15 14 3 9 -1 12 11 0 21
s 0 -20 1 41 42 43 44 50 49 40 -1 20 -1 3 -1 -1 22
s 0 14 0 12 13 44 43 35 20 -1 21 -1 2 -1 4
s 0 12 0 16 20 35 31 -1 -1 3 -1
s 16 28 0 24 8 2 53 48 39 18 -1 7 -1 6 -1
s 16 28 0 53 52 46 47 48 5 -1 8 10 -1
s 16 28 0 1 2 8 7 6 23 -1 5 -1 10
s 16 36 0 46 52 51 45 -1 6 -1 24
s 16 36 0 25 26 28 27 24 -1 10 -1
s 16 26 0 6 7 47 46 28 26 -1 7 -1 6 -1 9
s 2 20 0 14 15 30 29 0 1 12 22
s 4 20 0 15 17 32 30 11 1 13 22
s 6 20 0 17 18 33 32 12 -1 14 -1
s 8 20 0 18 19 34 33 13 19 15 20
s 10 24 0 19 21 36 34 14 -1 16 -1
s 12 24 0 21 22 37 36 15 -1 17 -1
s 14 28 0 22 23 38 37 16 -1 18 -1
s 16 28 0 23 24 39 38 17 -1 5 -1
s 8 14 0 10 11 19 18 -1 21 -1 14
s 8 14 0 33 34 42 41 -1 14 -1 2
s 0 20 0 4 13 12 11 10 9 3 -1 -1 3 -1 19 -1 1
s 0 20 0 29 30 32 40 49 0 11 12 -1 2
s 16 36 0 1 6 5 0 -1 7 -1 24
s 16 36 0 0 5 25 27 45 51 -1 23 -1 9 -1 8
o 5 5 21 58 0
o 5 5 21 11 100
o 5 5 21 50 0
p 2 6 0 0